90	0.00365127022110299	0.0213078262569929
120	0.042117551048899	0.021740724328119
150	0.042117551048899	0.021740724328119
180	0.0265530345077873	0.0215606755648814
210	0.0343050113121053	0.0216495088528032
240	0.0382036517277626	0.0216948146580787
270	0.0343050113121053	0.0216495088528032
300	0.042117551048899	0.021740724328119
330	0.0499916074798049	0.0218343893304563
360	0.0539520086959016	0.0218821620372291
390	0.0539520086959016	0.0218821620372291
420	0.0619201783450787	0.021979632346672
450	0.0659281997426177	0.0220293481737552
480	0.0699523500423431	0.0220797301775882
510	0.0862128709141232	0.0222881119870057
540	0.0821228856625981	0.0222349688713983
570	0.0903196528667767	0.0223419702753771
600	0.0944433700506386	0.0223965540227591
630	0.106917544275815	0.0225647634486493
660	0.106917544275815	0.0225647634486493
690	0.11111042253585	0.0226223553413214
750	0.132342642641625	0.0229222374175843
810	0.132342642641625	0.0229222374175843
870	0.14530178728413	0.0231121312506084
930	0.14530178728413	0.0231121312506084
990	0.171735044352285	0.0235159304339723
1050	0.167280694002905	0.0234463183094034
1110	0.194309366390824	0.0238786446320078
1170	0.198886033418236	0.0239542228074327
1230	0.217405081185474	0.024267176495542
1290	0.2220889304979	0.0243481575975629

