155	0.0307435578373887	0.0217702945262717
185	0.042531513589431	0.0219084360128799
215	0.0705894663845883	0.0222531426316528
245	0.103650328645477	0.022688885915799
275	0.133503291795158	0.0231107982592125
305	0.133503291795158	0.0231107982592125
335	0.155386003044665	0.0234377491070391
365	0.18229345596459	0.0238608462223526
395	0.196023648776491	0.0240858870841222
425	0.219334727644939	0.0244824105022516
455	0.252911023178543	0.0250862290707628
485	0.277603635768915	0.0255555275947058
515	0.287653971622416	0.0257527908156579
545	0.308062843253623	0.0261646724099919
575	0.344812385462364	0.0269452682163971
605	0.371914315240156	0.0275537682803547
635	0.388535196476196	0.0279410325473827
665	0.399771269743122	0.0282089878435109
695	0.422629407819172	0.0287696357118204
725	0.457927189900196	0.029677043879297
755	0.482170801510189	0.0303301869619501
815	0.513325969289984	0.0312061148394477
875	0.545483080924516	0.0321543135298306
935	0.565285708220695	0.0327609727241241
995	0.641447069186259	0.0352609904468977
1055	0.67808120236604	0.0365609524646653
1115	0.7007236791158	0.0373971450490475
1175	0.755639436711914	0.0395320566683053
1235	0.830988873953701	0.0427173770094517
1295	0.84853318360461	0.0435031979520788
1355	0.893789775192731	0.0456100960103692

