t / s	$\alpha_{25}$	$\alpha_{30}$	$\alpha_{35}$
5			
35			
65			
95	9,55		
125	9,05		
155	9,05		9,1
185	9,25	8,85	8,95
215	9,15	8,6	8,6
245	9,1	8,4	8,2
275	9,15	8,1	7,85
305	9,05	8	7,85
335	8,95	7,8	7,6
365	8,9	7,6	7,3
395	8,9	7,3	7,15
425	8,8	7,6	6,9
455	8,75	7,5	6,55
485	8,7	7,3	6,3
515	8,5	7,3	6,2
545	8,55	6,7	6
575	8,45	6,65	5,65
605	8,4	6,35	5,4
635	8,25	6,55	5,25
665	8,25	6,35	5,15
695	8,2	6,05	4,95
725		6,5	4,65
755	7,95	6,05	
785			4,45
815	7,95	5,9	
845			4,2
875	7,8	5,75	
905			3,95
935	7,8	5,45	
965			3,8
995	7,5	5	
1025			3,25
1055	7,55	5,35	
1085			3
1115	7,25	5,25	
1145			2,85
1175	7,2	5,1	
1205			2,5
1235	7	4,95	
1265			2,05
1295	6,95	4,8	
1325			1,95
1355	6,9	4,5	
1385			1,7
1415		4,4	

