180	0.00717244582032075	0.0224571666356418
210	0.0272938490197418	0.0226921064713143
240	0.0436876587954181	0.0228921766813121
270	0.0687935799264945	0.023214016622595
300	0.0773042695944034	0.0233274444810209
330	0.0945460760289094	0.0235640867835513
360	0.112090385679819	0.0238144496950668
390	0.138997838599743	0.0242176110469614
420	0.112090385679819	0.0238144496950668
450	0.120979333097065	0.0239450417226797
480	0.138997838599743	0.0242176110469614
510	0.138997838599743	0.0242176110469614
540	0.195087305250787	0.0251353707757242
570	0.199906591686736	0.0252192503322726
600	0.229320476893029	0.0257489442403165
630	0.209615405813697	0.0253907023519762
660	0.229320476893029	0.0257489442403165
690	0.259625826388358	0.0263272358111568
720	0.214505391107888	0.0254783146797349
750	0.259625826388358	0.0263272358111568
780	0.275130012924323	0.0266361549494887
840	0.290878369892462	0.0269591589905021
900	0.323139232110684	0.0276503880847093
960	0.373570085737576	0.0288127081641298
1020	0.334128353686279	0.0278950626814907
1080	0.34523957911135	0.02814729112038
1140	0.362141389913953	0.0285403899207183
1200	0.379333790454326	0.0289520544875657
1260	0.396826947901843	0.029383311133061
1320	0.432758957127906	0.0303090702102162
1380	0.44502904971972	0.0306377119036258

